500
28;25;1;2
39;44;1;2
49;21;1;2
29;30;1;2
37;16;1;2
42;29;1;2
27;17;1;2
36;32;1;2
43;7;1;2
33;5;1;2
7;16;1;2
23;22;1;2
16;5;1;2
30;1;1;2
41;31;1;2
48;47;1;2
20;16;1;2
38;29;1;2
10;36;1;2
29;19;1;2
17;9;1;2
22;34;1;2
42;44;1;2
27;19;1;2
50;39;1;2
20;50;1;2
41;8;1;2
45;26;1;2
22;1;1;2
7;2;1;2
49;2;1;2
16;18;1;2
6;49;1;2
17;31;1;2
2;6;1;2
16;20;1;2
46;41;1;2
41;32;1;2
16;23;1;2
5;30;1;2
46;10;1;2
23;48;1;2
18;24;1;2
48;47;1;2
5;46;1;2
4;28;1;2
39;3;1;2
5;1;1;2
4;31;1;2
10;6;1;2
17;48;1;2
21;20;1;2
33;9;1;2
29;36;1;2
8;31;1;2
5;25;1;2
33;1;1;2
2;45;1;2
22;40;1;2
50;23;1;2
3;33;1;2
22;27;1;2
11;48;1;2
21;35;1;2
10;1;1;2
38;18;1;2
31;11;1;2
14;2;1;2
41;46;1;2
32;21;1;2
40;2;1;2
19;25;1;2
6;16;1;2
22;18;1;2
17;6;1;2
37;20;1;2
47;9;1;2
2;35;1;2
27;10;1;2
38;44;1;2
17;28;1;2
27;37;1;2
16;11;1;2
33;20;1;2
49;15;1;2
33;29;1;2
33;9;1;2
7;34;1;2
18;18;1;2
17;6;1;2
27;7;1;2
17;41;1;2
26;15;1;2
22;18;1;2
30;15;1;2
34;16;1;2
12;36;1;2
37;28;1;2
46;25;1;2
1;7;1;2
11;16;1;2
2;50;1;2
14;35;1;2
46;42;1;2
37;42;1;2
9;17;1;2
23;42;1;2
47;50;1;2
12;10;1;2
44;40;1;2
1;50;1;2
8;36;1;2
40;21;1;2
47;23;1;2
19;17;1;2
16;11;1;2
31;22;1;2
29;8;1;2
23;38;1;2
5;48;1;2
42;13;1;2
2;8;1;2
17;30;1;2
8;46;1;2
20;1;1;2
35;49;1;2
6;8;1;2
43;8;1;2
47;41;1;2
9;16;1;2
2;32;1;2
21;48;1;2
2;36;1;2
23;25;1;2
30;11;1;2
2;8;1;2
23;36;1;2
44;49;1;2
37;18;1;2
16;10;1;2
9;14;1;2
13;9;1;2
34;20;1;2
43;50;1;2
18;23;1;2
26;7;1;2
12;14;1;2
38;30;1;2
15;25;1;2
47;36;1;2
50;42;1;2
27;21;1;2
49;31;1;2
46;44;1;2
20;38;1;2
23;6;1;2
49;34;1;2
2;47;1;2
6;13;1;2
34;44;1;2
35;37;1;2
6;22;1;2
39;4;1;2
35;19;1;2
23;40;1;2
34;47;1;2
22;10;1;2
37;38;1;2
47;49;1;2
7;13;1;2
12;14;1;2
34;30;1;2
24;35;1;2
27;25;1;2
2;34;1;2
41;8;1;2
45;29;1;2
23;39;1;2
8;13;1;2
37;13;1;2
36;1;1;2
2;25;1;2
35;33;1;2
14;39;1;2
27;44;1;2
48;24;1;2
44;15;1;2
43;7;1;2
11;17;1;2
50;34;1;2
33;22;1;2
46;7;1;2
49;47;1;2
42;34;1;2
32;44;1;2
36;20;1;2
33;1;1;2
23;38;1;2
1;4;1;2
36;39;1;2
42;31;1;2
9;11;1;2
35;31;1;2
8;49;1;2
31;3;1;2
3;20;1;2
16;23;1;2
13;3;1;2
49;1;1;2
11;17;1;2
23;24;1;2
45;35;1;2
46;26;1;2
23;3;1;2
49;4;1;2
7;2;1;2
20;30;1;2
14;43;1;2
3;41;1;2
48;13;1;2
3;42;1;2
37;38;1;2
17;22;1;2
31;43;1;2
40;40;1;2
33;10;1;2
2;5;1;2
16;46;1;2
26;1;1;2
12;36;1;2
46;25;1;2
30;25;1;2
40;34;1;2
10;48;1;2
25;34;1;2
45;27;1;2
4;20;1;2
25;28;1;2
46;31;1;2
6;5;1;2
28;4;1;2
48;20;1;2
3;28;1;2
1;30;1;2
46;28;1;2
23;1;1;2
12;30;1;2
14;16;1;2
3;12;1;2
13;9;1;2
42;5;1;2
21;44;1;2
22;31;1;2
41;15;1;2
44;36;1;2
29;18;1;2
30;38;1;2
12;21;1;2
23;7;1;2
5;28;1;2
12;28;1;2
40;11;1;2
22;41;1;2
3;5;1;2
8;5;1;2
41;39;1;2
19;5;1;2
15;40;1;2
27;30;1;2
29;33;1;2
40;8;1;2
48;8;1;2
25;31;1;2
22;49;1;2
33;34;1;2
4;24;1;2
5;16;1;2
17;46;1;2
14;3;1;2
27;50;1;2
47;16;1;2
31;50;1;2
2;14;1;2
41;33;1;2
32;9;1;2
3;21;1;2
31;18;1;2
43;33;1;2
21;11;1;2
26;6;1;2
35;4;1;2
28;10;1;2
17;15;1;2
46;15;1;2
39;4;1;2
38;9;1;2
26;31;1;2
43;20;1;2
49;29;1;2
27;13;1;2
44;33;1;2
15;15;1;2
38;36;1;2
1;1;1;2
37;14;1;2
10;14;1;2
26;22;1;2
24;21;1;2
5;20;1;2
34;33;1;2
25;35;1;2
5;22;1;2
13;17;1;2
39;25;1;2
45;24;1;2
8;49;1;2
31;29;1;2
50;18;1;2
45;24;1;2
44;35;1;2
18;32;1;2
26;21;1;2
13;31;1;2
46;24;1;2
2;17;1;2
33;38;1;2
13;33;1;2
36;29;1;2
48;27;1;2
14;43;1;2
21;50;1;2
35;7;1;2
8;28;1;2
33;10;1;2
30;7;1;2
12;23;1;2
24;15;1;2
17;31;1;2
48;2;1;2
30;39;1;2
34;33;1;2
39;41;1;2
50;1;1;2
39;3;1;2
39;8;1;2
21;47;1;2
18;29;1;2
2;6;1;2
16;1;1;2
40;45;1;2
2;45;1;2
2;38;1;2
40;20;1;2
26;25;1;2
45;27;1;2
19;33;1;2
42;2;1;2
6;33;1;2
4;10;1;2
29;46;1;2
19;11;1;2
46;27;1;2
36;22;1;2
31;29;1;2
25;27;1;2
35;17;1;2
12;5;1;2
10;17;1;2
49;13;1;2
1;33;1;2
13;4;1;2
41;20;1;2
25;16;1;2
10;1;1;2
12;11;1;2
37;28;1;2
19;45;1;2
31;38;1;2
27;18;1;2
37;24;1;2
2;29;1;2
33;26;1;2
20;50;1;2
22;26;1;2
9;47;1;2
10;37;1;2
39;27;1;2
41;50;1;2
47;4;1;2
40;2;1;2
11;37;1;2
1;19;1;2
42;31;1;2
20;22;1;2
31;27;1;2
2;38;1;2
36;49;1;2
22;35;1;2
39;27;1;2
41;3;1;2
6;36;1;2
36;49;1;2
20;7;1;2
7;1;1;2
15;11;1;2
45;40;1;2
30;24;1;2
41;17;1;2
42;22;1;2
40;30;1;2
2;15;1;2
12;36;1;2
17;20;1;2
6;37;1;2
34;29;1;2
40;46;1;2
9;34;1;2
7;47;1;2
35;18;1;2
23;37;1;2
12;28;1;2
38;18;1;2
29;33;1;2
35;24;1;2
47;37;1;2
45;48;1;2
24;11;1;2
39;13;1;2
28;4;1;2
12;30;1;2
5;19;1;2
49;7;1;2
9;32;1;2
31;25;1;2
18;4;1;2
48;36;1;2
18;30;1;2
23;20;1;2
26;17;1;2
43;6;1;2
50;32;1;2
1;47;1;2
23;29;1;2
8;10;1;2
28;48;1;2
18;21;1;2
43;20;1;2
12;49;1;2
13;1;1;2
3;11;1;2
37;3;1;2
8;26;1;2
28;25;1;2
38;32;1;2
20;49;1;2
31;43;1;2
2;50;1;2
15;7;1;2
35;26;1;2
15;25;1;2
5;26;1;2
22;2;1;2
3;44;1;2
48;3;1;2
36;31;1;2
23;45;1;2
37;41;1;2
50;32;1;2
40;33;1;2
26;38;1;2
38;48;1;2
17;48;1;2
2;14;1;2
49;31;1;2
30;33;1;2
6;31;1;2
29;36;1;2
9;49;1;2
31;46;1;2
25;31;1;2
40;20;1;2
11;1;1;2
23;3;1;2
6;12;1;2
21;14;1;2
13;34;1;2
48;35;1;2
5;17;1;2
6;33;1;2
44;33;1;2
33;37;1;2
1;2;1;2
9;30;1;2
36;18;1;2
40;18;1;2
33;46;1;2
15;9;1;2
38;38;1;2
27;13;1;2
30;41;1;2
0;2;36;74
1;1;7;218
2;2;9;329
3;2;12;449
4;2;59;537
5;2;19;659
6;2;45;768
7;2;46;888
8;2;54;1055
9;2;60;1215
10;2;41;1360
11;1;26;1547
12;1;24;1693
13;2;28;1785
14;2;7;1884
15;2;11;2005
16;2;53;2156
17;2;59;2290
18;2;27;2503
19;1;47;2647
20;1;29;2818
21;1;13;2915
22;1;1;3085
23;1;41;3206
24;1;18;3320
25;1;13;3399
26;1;26;3498
27;1;26;3597
28;1;17;3772
29;1;36;3920
30;1;12;4020
31;2;60;4139
32;2;36;4300
33;1;60;4469
34;2;43;4619
35;1;11;4727
36;2;23;4856
37;2;36;5037
38;1;56;5145
39;1;40;5279
40;2;16;5407
41;2;31;5514
42;2;13;5662
43;2;7;5805
44;2;35;5875
45;2;51;5991
46;2;21;6183
47;1;32;6267
48;2;30;6410
49;1;36;6531
50;2;15;6654
51;1;16;6758
52;2;52;6921
53;1;49;7050
54;1;53;7257
55;1;17;7456
56;2;8;7577
57;1;59;7670
58;1;34;7885
59;2;8;8014
60;2;21;8093
61;1;8;8206
62;1;43;8358
63;1;46;8464
64;2;52;8573
65;2;58;8730
66;1;29;8881
67;2;25;9023
68;2;14;9204
69;1;57;9300
70;1;28;9447
71;1;12;9584
72;2;55;9725
